3 28 66 108
3 109 65 128
66 96 81 120
81 90 129 120
123 0 150 42
129 43 135 120
135 90 224 120
225 90 279 120
248 75 272 90
241 11 316 75
224 120 279 181
221 168 227 181
227 182 279 229
214 198 227 205
224 206 226 229
293 221 367 297
273 229 293 253
242 229 277 259
269 327 249 268
242 298 249 303
235 259 242 322
235 323 242 336
197 336 225 399
226 336 309 372
287 361 367 399
338 335 367 360
158 229 242 259
125 217 146 229
116 229 158 259
116 259 146 320
122 320 146 335
159 335 79 367
132 367 159 399
99 399 71 335
0 335 72 367
0 367 40 399
68 320 80 335
40 367 72 399
99 367 132 399