//WESTHORST
8 29 24 45
26 29 36 45
38 29 48 45
50 29 60 45
17 55 45 77
4 55 15 77
51 55 65 70
4 79 26 101
28 79 45 101
51 72 65 89
8 110 21 127
23 110 33 127
35 110 45 127
47 116 57 127
67 97 80 107
//KLEINHORST
124 1 132 8
134 1 149 8
136 37 149 41
//NOORDHORST
242 12 250 17
242 19 250 23
242 25 250 29
242 31 250 35
242 37 250 41
242 43 250 54
256 44 271 54
256 12 277 42
279 12 300 42
306 12 315 17
306 19 315 23
306 25 315 29
306 31 315 35
306 37 315 42
306 44 315 47
306 49 315 54
285 44 300 54
261 76 271 89
//ZUIDHORST
1 336 25 354
27 336 43 354
45 336 67 354
1 362 7 366
1 368 7 372
1 374 7 378
1 380 7 384
1 386 7 390
1 392 7 398
12 362 17 366
12 368 17 372
12 374 17 378
12 380 17 384
12 386 17 390
9 396 13 398
15 396 25 398
27 396 31 398
33 392 39 398
33 386 39 390
33 380 39 384
33 374 39 378
33 368 39 372
23 374 28 378
23 380 28 390
44 362 49 367
51 362 55 367
57 362 61 367
63 362 67 367
69 336 79 354
81 336 92 354
94 336 103 354
105 336 126 354
128 336 132 341
128 343 132 353
73 368 79 372
73 374 79 378
73 380 79 384
73 386 79 390
73 392 79 398
81 396 91 398
93 392 98 398
93 386 98 390
93 380 98 384
93 374 98 378
93 368 98 372
84 362 87 372
84 374 87 384
104 362 109 367
111 362 114 367
116 362 120 367
122 362 127 367
133 368 138 372
133 374 138 378
133 380 138 384
133 386 138 390
133 392 138 398
140 396 150 398
152 392 158 398
152 386 158 390
152 380 158 384
152 374 158 378
152 368 158 372
152 362 158 366
147 350 158 354
144 362 146 372
144 374 146 384
123 321 132 334
147 336 149 342
151 336 154 342
156 336 158 342
100 369 131 398
41 369 71 398
//BUITENHORST
251 270 256 274
251 276 256 281
251 283 256 286
251 288 256 292
262 270 268 281
262 283 268 286
262 288 268 292
262 294 268 297
263 304 268 306
263 308 268 313
263 315 268 321
263 323 268 326
251 322 257 326
251 315 257 320
251 308 257 313
251 304 257 306
//OOSTHORST
278 244 291 252
313 222 329 256
331 222 347 256
349 222 366 256
361 258 366 272
313 274 323 282
313 284 323 296
325 274 347 296
349 274 366 296
